Piece Name - TestingPiece
Material: 4
[0000000000000000000000000000000000000000000000000000000000000000]
[0000000000000000000000000000000000000000000000000000000000000000]
[0000000000000000000000000000000000000000000000000000000000000000]
[0000000000000000000000000000000000000000000000000000000000000000]
[0000000000000000000000000000000000000000000000000000000000000000]
[0000000000000000000000000000000000000000000000000000000000000000]
[0000000000000000000000000000000000000000000000000000000000000000]
[0000000000000000000000000000000000000000000000000000000000000000]
[0000000000000000000000000000000000000000000000000000000000000000]
[0000000000000000000000000000000000000000000000000000000000000000]
[0000000000000000000000000000000000000000000000000000000000000000]
[0000000000000000000000000000000000000000000000000000000000000000]
[0000000000000000000000000000000000000000000000000000000000000000]
[0000000000000000000000000000000000000000000000000000000000000000]
[0000000000000000000000000000000000000000000000000000000000000000]
[0000000000000000000000000000000000000000000000000000000000000000]
[0000000000000000000000000111111000000000000000000000000000000000]
[0000000000000000000000000011110000000000000000000000000000000000]
[0000000000000000000000000011110000000000000000000000000000000000]
[0000000000000000000000000000000000000000000000000000000000000000]
[0000000000000000000000000000000000000000000000000000000000000000]
[0000000000000000000000000000000000000000000000000000000000000000]
[0000000000000000000000000000000000000000000000000000000000000000]
[0000000000000000000000001111111000000000000000000000000000000000]
[0000000000000000000000011000001100000000000000000000000000000000]
[0000000000000000000000111111111110000000000000000000000000000000]
[0000000000000000000000000000000000000000000000000000000000000000]
[0000000000000000000000000000000000000000000000000000000000000000]
[0000000000000000000000000000000000000000000000000000000000000000]
[0000000000000000000000000000000000000000000000000000000000000000]
[0000000000000000000000000000000000000000000000000000000000000000]
[0000000000000000000000000000000000000000000000000000000000000000]
[0000000000000000000000000000000000000000000000000000000000000000]
[0000000000000000000000000000000000000000000000000000000000000000]
[0000000000000000000000000000000000000000000000000000000000000000]
[0000000000000000000000000000000000000000000000000000000000000000]
[0000000000000000000000000000000000000000000000000000000000000000]
[0000000000000000000000000000000000000000000000000000000000000000]
[0000000000000000000000000000000000000000000000000000000000000000]
[0000000000000000000000000000000000000000000000000000000000000000]
[0000000000000000000000000000000000000000000000000000000000000000]
[0000000000000000000000000000000000000000000000000000000000000000]
[0000000000000000000000000000000000000000000000000000000000000000]
[0000000000000000000000000000000000000000000000000000000000000000]
[0000000000000000000000000000000000000000000000000000000000000000]
[0000000000000000000000000000000000000000000000000000000000000000]
[0000000000000000000000000000000000000000000000000000000000000000]
[0000000000000000000000000000000000000000000000000000000000000000]
[0000000000000000000000000000000000000000000000000000000000000000]
[0000000000000000000000000000000000000000000000000000000000000000]
[0000000000000000000000000000000000000000000000000000000000000000]
[0000000000000000000000000000000000000000000000000000000000000000]
[0000000000000000000000000000000000000000000000000000000000000000]
[0000000000000000000000000000000000000000000000000000000000000000]
[0000000000000000000000000000000000000000000000000000000000000000]
[0000000000000000000000000000000000000000000000000000000000000000]
[0000000000000000000000000000000000000000000000000000000000000000]
[0000000000000000000000000000000000000000000000000000000000000000]
[0000000000000000000000000000000000000000000000000000000000000000]
[0000000000000000000000000000000000000000000000000000000000000000]
[0000000000000000000000000000000000000000000000000000000000000000]
[0000000000000000000000000000000000000000000000000000000000000000]
[0000000000000000000000000000000000000000000000000000000000000000]
[0000000000000000000000000000000000000000000000000000000000000000]
Moves (3):
OI5|N
L|NW
L|NE